9 6 6 6 6 4 4 4 4 4 4 4 4 6 6 6 6 6 9 9 9 9 9 9 9 0 0 0 0 0 0 0 0 0 0 0 0 0 0 0 0 8 8 8 8 0 5 4 2 ; 7 ; 7 7 7 7 2 4 6 6 4 5 7 
9 9 6 6 6 6 4 4 4 4 4 4 6 6 6 6 6 9 9 9 9 9 9 9 0 0 0 0 0 0 0 0 0 0 0 0 0 0 0 0 8 8 8 8 8 0 5 5 5 2 2 7 7 7 7 7 2 5 4 4 5 2 7 
9 9 9 6 6 6 6 4 4 4 4 6 6 6 6 6 9 9 9 9 9 9 9 0 0 0 0 0 0 0 0 0 0 0 0 0 0 0 0 0 8 8 8 8 8 0 5 5 5 2 5 2 2 2 2 7 2 5 5 5 2 7 7 
9 9 9 9 6 6 6 6 4 4 6 6 6 6 6 9 9 9 9 9 9 9 0 0 0 0 0 0 0 0 0 0 0 0 0 0 0 0 0 0 0 8 8 8 8 0 5 5 5 4 4 5 2 2 2 2 2 5 5 2 7 7 7 
9 9 9 9 9 6 6 6 6 6 6 6 6 6 6 9 9 9 9 9 9 9 0 0 0 0 0 0 0 0 0 0 0 0 0 0 0 0 0 0 8 8 0 8 0 0 4 2 5 4 4 4 2 2 2 2 2 2 2 2 7 7 7 
0 9 9 9 9 6 6 6 6 6 6 6 6 9 9 9 9 9 9 9 9 0 0 0 0 0 0 0 0 0 0 0 0 0 0 0 0 0 0 0 8 8 8 8 0 0 4 5 4 4 4 4 5 2 2 2 2 2 2 7 7 7 7 
0 0 9 9 9 9 6 6 6 6 6 6 6 9 9 9 9 9 9 9 0 0 0 0 0 0 0 0 0 0 0 0 0 0 0 0 0 0 0 0 8 0 0 8 8 0 4 4 6 4 4 4 4 5 2 2 2 2 7 7 7 7 7 
0 0 0 9 9 9 9 6 6 6 6 6 9 9 9 9 9 9 9 0 0 0 0 0 0 0 0 0 0 0 0 0 0 0 0 0 0 0 0 0 8 0 0 8 0 0 9 9 6 4 4 4 4 4 5 2 2 2 7 7 7 7 7 
0 0 0 9 9 9 9 9 6 6 6 6 9 9 9 9 9 9 9 0 0 0 0 0 0 0 0 0 0 0 0 0 0 0 0 0 0 0 0 0 8 8 0 8 8 0 9 6 6 4 4 4 6 6 4 2 2 7 7 7 7 7 7 
0 0 0 9 9 9 9 9 6 6 6 9 9 9 9 9 9 9 9 0 0 0 0 0 0 0 0 0 0 0 0 0 0 0 0 0 0 0 0 0 0 0 0 0 0 9 6 6 6 4 4 4 6 6 4 5 2 7 7 7 7 7 ; 
4 0 0 0 9 9 9 9 9 6 6 9 9 0 0 9 9 9 9 0 0 0 0 0 0 0 0 0 0 0 0 0 0 0 0 0 0 0 0 0 0 0 0 0 0 6 6 6 4 4 4 4 4 4 4 5 5 2 7 7 7 7 ; 
2 6 0 0 9 9 9 9 9 9 9 9 9 0 0 9 9 9 9 0 0 0 0 0 0 0 0 0 0 0 0 0 0 0 0 0 0 0 0 0 0 0 0 0 0 6 6 6 4 4 4 4 4 4 4 5 2 7 7 7 7 ; ; 
; 2 6 0 9 9 9 9 9 9 9 9 9 9 9 9 9 9 9 0 0 0 0 0 0 0 0 0 0 0 0 0 0 0 0 0 0 0 0 0 0 0 0 0 0 6 6 6 4 4 4 4 4 4 5 5 2 7 ; ; ; ; ; 
; 7 5 9 9 9 9 9 9 9 9 9 9 9 9 9 9 9 0 0 0 0 0 0 0 0 0 0 0 0 0 0 0 0 0 0 0 0 0 0 0 0 0 0 0 6 6 6 4 4 4 4 4 5 5 2 7 ; ; ; ; ; ; 
2 7 7 5 9 9 9 9 9 9 9 9 9 9 9 9 9 9 0 0 0 0 0 0 0 0 0 0 0 0 0 0 0 0 0 0 0 0 0 0 0 0 0 0 0 6 6 6 4 4 4 4 4 5 2 ; : : : ; ; ; ; 
5 7 7 2 4 9 9 9 9 9 9 9 9 9 9 9 9 0 0 0 0 0 0 0 0 0 0 0 0 0 0 0 0 0 0 0 0 0 0 0 0 0 0 0 0 6 4 4 4 4 4 4 5 2 7 : : : : ; ; ; ; 
5 2 7 7 2 6 9 9 9 9 9 9 9 9 9 9 9 0 0 0 0 0 0 0 0 0 0 0 0 0 0 0 0 0 0 0 0 0 0 0 0 0 0 0 0 6 4 4 4 4 5 4 5 2 7 : : : ; ; ; ; ; 
2 2 7 7 2 5 6 9 9 9 9 9 9 9 9 9 9 0 0 0 0 0 0 0 0 0 0 0 0 0 0 0 0 0 0 0 0 0 0 0 0 0 0 0 0 6 4 4 4 5 5 5 5 2 7 ; ; ; ; ; ; ; ; 
2 2 5 2 5 5 5 6 9 9 9 9 9 9 9 9 9 0 0 0 0 0 0 0 0 0 0 0 0 0 0 0 0 0 0 0 0 0 0 0 0 0 0 0 0 6 4 4 5 5 5 5 5 2 7 ; ; ; ; ; ; ; ; 
7 2 2 5 4 5 5 4 6 9 9 9 9 9 9 9 9 9 0 0 0 0 0 0 0 0 0 0 0 0 0 0 0 0 0 0 0 0 0 0 0 0 0 0 0 9 4 5 5 5 5 5 2 2 7 ; ; ; ; ; ; ; ; 
7 ; ; 2 2 2 2 7 5 9 9 9 9 9 9 9 9 9 0 0 0 0 0 0 0 0 0 0 0 0 0 0 0 0 0 0 0 0 0 0 0 0 0 0 0 6 4 5 5 2 2 5 2 7 7 ; ; ; ; ; ; ; ; 
; ; ; 7 5 2 5 5 2 6 9 9 9 9 9 9 9 9 9 0 0 0 0 0 0 0 0 0 0 0 0 0 0 0 0 0 0 0 0 0 0 0 0 0 0 6 5 2 2 2 2 5 2 2 7 ; ; ; ; ; ; ; ; 
; ; ; ; 7 2 2 4 2 5 6 9 9 9 9 9 9 9 0 0 0 0 0 0 0 0 0 0 0 0 0 0 0 0 0 0 0 0 0 0 0 0 0 0 0 6 2 7 2 2 2 5 5 2 2 7 ; ; ; ; ; ; ; 
; 7 7 7 ; 7 2 4 5 2 5 9 9 9 9 9 9 9 0 0 0 0 0 0 0 0 0 0 0 0 0 0 0 0 0 0 0 0 0 0 0 0 0 0 0 6 2 7 2 2 5 4 5 5 2 7 7 ; ; ; ; ; ; 
; 7 2 2 7 ; 7 4 4 5 2 4 9 9 9 9 9 9 0 0 0 0 0 0 0 0 0 0 0 0 0 0 0 0 0 0 0 0 0 0 0 0 0 0 0 6 2 7 7 2 5 4 5 2 2 7 7 7 ; ; ; ; ; 
7 2 2 2 2 7 7 5 4 4 5 5 6 9 9 9 9 9 0 0 0 0 0 0 0 0 0 0 0 0 0 0 0 0 0 0 0 0 0 0 0 0 0 0 0 6 2 7 ; 5 4 5 2 2 2 2 2 7 7 ; ; ; ; 
7 2 2 2 2 7 7 7 2 4 4 5 5 6 9 9 9 9 9 0 0 0 0 0 0 0 0 0 0 0 0 0 0 0 0 0 0 0 0 0 0 0 0 0 0 6 2 ; ; 2 4 5 2 5 2 2 2 7 7 7 7 7 ; 
7 2 2 2 7 7 2 5 5 2 2 4 5 4 6 9 9 9 9 9 0 0 0 0 0 0 0 0 0 0 0 0 0 0 0 0 0 0 0 0 0 0 0 0 0 4 2 ; ; 7 5 2 5 5 5 2 2 7 7 7 7 7 7 
7 7 2 2 7 7 2 4 4 4 5 2 2 4 4 6 9 9 9 9 9 0 0 0 0 0 0 0 0 0 0 0 0 0 0 0 0 0 0 0 0 0 0 0 9 4 2 ; ; 7 5 5 5 5 5 2 2 7 7 7 7 7 7 
7 7 7 7 7 7 2 4 6 6 6 4 5 5 4 5 4 9 9 9 9 9 9 0 0 0 0 0 0 0 0 0 0 0 0 0 0 0 0 0 0 0 0 0 9 5 7 ; ; ; 5 4 4 5 2 2 7 7 7 7 7 7 ; 
7 7 7 7 7 ; 2 5 6 6 6 6 6 4 4 4 7 4 9 9 9 9 9 9 9 0 0 0 0 0 0 0 0 0 0 0 0 0 0 0 0 0 0 0 9 5 7 ; ; ; 5 4 5 5 2 2 7 7 7 7 7 7 7 
7 7 7 7 ; ; 2 5 4 6 6 9 6 4 6 9 9 2 5 9 9 9 9 9 9 0 0 0 0 0 0 0 0 0 0 0 0 0 0 0 0 0 0 0 9 5 7 ; ; ; 5 5 5 2 2 7 7 7 7 7 7 7 7 
7 7 7 7 ; ; 2 5 4 6 6 6 9 6 6 9 0 6 7 5 9 9 9 9 9 9 9 9 0 0 0 0 0 0 0 0 0 0 0 0 0 0 0 0 9 2 7 ; ; ; 5 5 5 2 2 2 2 2 7 7 7 7 7 
7 7 7 7 ; ; 7 2 5 4 6 6 9 6 6 9 0 0 4 7 5 9 9 9 9 9 9 9 0 0 0 0 0 0 0 0 0 0 0 0 0 0 0 0 9 2 7 7 ; ; 2 5 5 5 2 2 2 2 2 2 2 2 2 
; ; ; ; 7 ; 7 2 5 4 6 6 6 6 6 6 9 9 9 2 ; 5 6 9 9 9 9 9 9 9 0 0 0 0 0 0 0 0 0 0 0 0 0 0 6 2 7 7 ; ; 2 5 5 5 5 5 2 2 2 2 2 2 2 
; ; ; 7 ; ; 7 2 5 5 4 6 6 6 4 6 9 9 9 6 7 7 5 6 9 9 9 9 9 9 9 9 9 9 9 9 0 0 0 0 0 0 0 0 4 7 7 7 ; ; 2 5 5 5 5 2 2 2 2 2 2 2 2 
; ; 7 7 ; ; 7 2 5 5 4 4 6 6 4 6 9 9 9 6 4 7 7 4 6 9 9 9 9 9 9 9 9 9 9 9 9 0 0 0 0 0 0 9 5 7 7 2 ; ; 7 5 5 5 5 2 2 2 2 2 2 2 7 
; ; 7 ; ; ; 7 2 2 5 5 4 4 4 4 6 6 9 9 6 6 5 ; 7 4 9 9 9 9 9 9 9 9 9 9 9 9 9 0 0 0 0 9 6 5 2 2 2 ; ; 7 5 5 5 5 5 2 2 2 2 2 7 7 
; ; ; ; ; 7 7 2 2 5 5 5 5 4 4 4 6 6 6 6 6 4 5 ; 7 6 9 9 9 9 9 9 9 9 9 9 9 9 9 9 9 9 9 4 5 5 4 2 ; ; 7 5 5 5 5 5 2 2 2 7 7 7 7 
; ; ; ; 7 7 7 2 2 2 5 5 5 5 4 4 6 6 6 6 6 4 4 2 ; 2 6 9 9 9 9 9 9 9 9 9 9 9 9 9 9 9 4 5 5 5 5 2 ; ; 2 2 5 5 2 2 2 2 7 7 7 7 4 
7 ; ; 7 7 7 7 2 2 2 2 2 5 5 5 4 4 4 6 6 6 4 4 4 2 ; 2 6 9 9 9 9 9 9 9 9 9 9 9 9 9 6 4 5 5 5 5 7 ; ; 2 7 5 2 2 2 7 7 7 7 2 4 6 
7 7 7 7 7 7 7 7 2 2 2 2 5 5 5 5 4 4 4 4 4 4 4 4 4 7 ; 2 6 9 9 9 9 9 9 9 9 9 9 9 9 4 5 2 5 5 2 ; ; 7 2 2 2 2 7 7 7 7 7 2 6 6 4 
7 7 7 7 7 7 7 7 7 2 2 2 2 5 5 5 4 4 4 4 4 4 4 4 4 5 ; ; 2 4 6 9 9 9 9 9 9 9 9 9 6 5 5 5 5 2 ; ; ; 7 2 2 7 7 7 7 7 7 5 6 6 4 5 
7 7 7 7 7 7 7 7 7 7 2 2 2 2 5 5 5 5 4 4 4 4 4 4 4 4 2 ; ; 2 4 6 9 9 9 9 9 9 9 9 4 5 2 2 2 7 ; ; : 7 2 7 7 7 7 7 2 4 6 4 5 2 7 
7 7 7 7 7 7 7 7 7 7 7 7 2 2 2 5 5 5 5 4 4 4 4 4 4 4 4 5 2 7 2 4 6 9 9 9 9 9 9 6 5 2 2 2 7 7 ; ; 7 5 7 7 7 ; 7 5 4 6 4 2 7 7 ; 
7 7 7 7 7 7 7 7 7 7 7 7 7 2 2 2 2 5 5 5 4 4 4 4 4 4 4 4 4 5 5 4 6 9 9 9 9 9 9 4 2 2 2 2 7 ; ; ; 6 5 7 7 ; 2 4 4 4 5 7 7 ; ; ; 
7 7 7 7 7 7 7 7 7 7 7 7 7 7 2 2 2 2 5 5 4 4 4 4 4 4 4 6 6 6 6 6 9 9 9 9 9 9 6 5 2 2 2 7 ; ; : 4 9 5 ; 2 5 4 4 4 5 2 7 ; ; ; ; 
7 7 7 7 7 7 7 7 7 7 7 7 7 7 7 2 2 2 5 5 5 4 4 4 4 4 6 6 6 6 6 9 9 9 9 9 9 9 6 5 5 5 5 2 2 2 4 9 9 6 4 4 4 4 4 5 2 7 ; ; ; ; ; 
7 7 7 7 7 7 7 7 7 7 7 7 7 7 7 7 2 2 2 5 5 5 4 4 4 4 4 6 6 6 9 9 9 9 0 0 0 0 9 9 9 9 9 9 0 0 0 0 9 6 6 4 4 5 2 7 7 ; ; ; ; ; ; 
7 7 7 7 7 7 7 7 7 7 ; ; ; 7 7 7 2 2 2 2 5 5 5 4 4 4 4 6 6 6 9 9 9 9 9 9 9 9 9 9 9 0 0 0 0 0 0 9 6 4 4 5 2 2 7 7 ; ; ; ; ; ; ; 
7 7 7 7 7 7 7 7 7 ; ; ; ; 7 7 7 7 2 2 2 2 5 5 5 5 4 4 4 6 6 6 9 9 9 9 9 9 9 9 9 9 9 9 9 9 9 9 6 4 5 2 2 2 7 7 ; ; ; ; ; ; ; 7 
7 7 7 7 7 7 7 7 ; ; ; ; 7 7 7 7 7 2 2 2 2 2 5 5 5 5 5 4 4 6 6 6 6 6 6 6 6 6 6 9 9 9 9 9 9 6 6 4 5 2 7 7 7 7 ; ; ; ; ; ; 7 7 2 
7 7 7 7 7 7 7 ; ; 7 7 7 7 7 7 7 7 7 2 2 2 2 2 5 5 5 5 5 4 4 4 4 4 4 4 4 6 6 6 6 6 6 6 6 6 6 6 4 2 7 ; ; ; ; 7 ; ; ; 7 7 2 2 5 
7 7 7 7 7 ; ; ; ; 7 7 7 7 7 7 7 7 7 7 7 7 2 2 2 2 2 5 5 5 5 4 4 4 4 4 4 4 4 4 4 4 4 4 4 4 4 5 5 2 7 ; ; ; ; ; 7 7 7 7 7 2 2 5 
7 7 7 7 ; ; ; ; ; 7 7 7 7 7 7 7 7 7 7 7 7 7 7 2 2 2 2 2 5 5 5 5 5 4 4 4 4 5 2 2 5 5 4 5 5 5 5 5 2 2 7 ; ; ; ; 7 7 2 2 2 2 2 2 
7 7 7 7 ; ; ; ; 7 7 7 7 7 7 7 7 7 7 7 7 7 7 7 7 7 2 2 2 2 2 5 2 2 5 5 2 2 7 7 7 2 5 5 5 5 5 5 2 2 7 ; ; ; ; 7 5 4 4 4 2 7 2 2 
7 7 7 7 7 ; ; 7 7 7 7 7 7 7 7 7 7 7 7 7 7 7 7 7 7 7 7 2 2 2 2 2 7 7 7 7 ; ; ; 7 2 2 2 2 2 2 2 2 7 7 ; ; ; 7 5 6 9 9 4 2 7 2 5 
7 7 2 5 2 7 7 7 7 7 7 7 7 7 7 7 7 ; ; 7 7 7 7 7 7 7 7 7 7 2 2 7 ; ; ; : : : ; 7 7 2 2 2 2 2 2 7 7 7 7 7 7 5 4 6 9 9 6 5 7 2 5 
2 5 4 6 6 4 7 7 7 7 7 7 7 7 7 ; ; ; 7 7 7 7 7 7 7 7 7 7 7 7 7 7 ; : : : : ; ; 7 7 2 2 2 2 2 7 2 2 2 7 7 2 5 4 6 6 6 6 5 2 2 4 
4 6 9 9 9 6 4 2 7 7 7 7 7 7 ; ; ; ; ; 7 7 7 7 7 7 7 7 7 7 7 7 7 ; ; : : ; ; 7 2 2 5 2 2 7 7 7 2 2 2 2 2 2 5 4 6 6 6 6 4 2 2 4 
0 0 0 0 0 9 6 4 2 7 7 7 7 7 ; ; ; ; 7 7 7 7 7 7 7 7 7 7 7 7 7 7 ; ; ; ; ; 7 2 2 5 2 2 7 7 7 2 2 2 2 2 2 2 5 5 4 6 6 6 4 2 2 4 
4 4 4 4 4 6 6 6 4 2 7 7 7 7 7 7 7 7 7 7 7 7 7 7 7 7 7 7 7 7 7 7 7 ; ; ; ; 7 7 2 2 7 7 7 7 7 2 2 2 2 2 2 2 5 5 4 4 6 6 4 2 2 4 
5 5 2 7 2 2 4 6 6 4 2 7 7 7 7 7 7 7 7 7 7 7 7 7 7 7 7 7 7 7 7 7 7 7 ; ; ; ; ; ; ; 7 7 7 2 2 2 2 2 2 2 2 2 5 5 4 4 6 6 4 2 2 4 
5 5 5 5 5 5 4 6 6 6 4 2 7 7 7 7 7 7 7 7 7 7 7 7 7 7 7 7 7 7 7 7 7 7 ; ; ; ; ; ; ; ; 7 7 2 2 2 2 2 2 2 2 2 5 5 4 4 6 6 4 2 2 4 
5 5 5 5 5 5 5 6 6 6 4 5 2 2 7 7 7 7 7 7 7 7 7 7 7 7 7 7 7 7 7 7 7 7 ; ; ; ; ; ; : ; ; ; 7 7 7 2 2 2 2 2 2 5 5 4 4 6 6 4 2 5 4 
5 5 5 5 5 5 5 6 6 6 4 4 2 5 2 7 7 7 7 7 7 7 7 7 7 7 7 7 7 7 7 7 7 ; ; ; ; ; : : : : : ; ; ; 7 7 2 2 2 2 5 5 4 4 4 6 6 4 2 2 4 
2 5 5 2 2 2 4 6 6 6 4 4 2 5 4 5 2 7 7 7 7 7 7 7 7 7 7 7 7 7 7 7 7 ; ; ; : : : : : : : : : : ; ; ; 7 2 2 5 5 4 4 4 6 6 4 2 2 4 
2 2 7 7 ; ; 6 6 6 6 4 4 2 5 4 4 4 5 2 7 7 7 7 7 7 7 7 7 7 7 7 7 7 ; ; ; : : : : : : : : : : : ; ; 7 7 2 5 5 5 4 4 6 6 4 2 2 4 
: : : : : 2 6 6 6 4 4 4 2 5 4 4 4 4 4 5 2 7 7 7 7 7 7 7 7 7 7 7 7 ; ; ; : : : : : : : : : : : ; ; 7 2 2 5 5 5 4 4 4 4 5 7 2 5 
: : ; 7 5 6 6 6 6 4 4 4 2 2 4 4 4 4 4 4 4 5 2 7 7 7 7 7 7 7 7 7 7 ; ; ; : : : : : : : : : : ; ; 7 7 2 2 5 5 5 4 4 4 4 5 7 2 5 
7 2 2 2 4 6 6 6 6 4 4 4 2 2 5 4 4 4 4 4 4 4 4 5 7 7 7 7 7 7 7 7 7 ; ; ; : : : : : : : : : ; ; ; 7 7 2 5 5 5 5 4 4 4 4 2 7 2 2 
7 2 2 2 5 4 6 6 6 4 4 4 2 2 5 4 4 4 4 4 4 4 4 4 4 2 7 7 7 7 7 7 7 ; ; ; ; ; ; : : : : ; ; ; ; 7 7 2 2 5 5 5 5 4 4 4 4 7 7 2 2 
2 2 2 5 5 4 6 6 6 4 4 4 2 2 5 5 4 4 4 4 4 4 4 4 4 4 5 7 7 7 7 7 7 7 ; ; ; ; ; ; : : : : ; ; ; 7 7 2 2 5 5 5 5 4 4 4 5 7 7 2 7 
2 5 5 5 5 4 4 6 4 4 4 4 2 2 5 5 4 4 4 4 4 4 4 4 4 4 4 4 2 2 7 7 7 7 7 7 7 7 ; ; : : : : ; ; ; 7 7 2 2 2 5 5 5 4 4 4 5 ; 7 7 7 
5 5 5 5 4 4 4 4 4 4 4 4 5 2 5 5 5 5 5 5 4 4 4 4 4 4 4 4 4 4 4 5 5 2 7 7 7 7 7 ; ; ; ; ; ; 7 7 7 7 2 2 2 5 5 5 4 4 4 2 ; 7 7 7 
5 5 4 4 4 4 4 4 4 4 4 4 5 2 5 5 5 5 5 5 5 4 4 4 4 4 4 4 4 6 6 6 4 4 7 7 7 7 7 ; ; ; 7 7 7 7 7 7 7 7 2 2 5 5 5 4 4 5 7 ; 7 7 7 
5 4 4 4 4 4 4 4 4 4 5 5 2 2 7 2 2 2 5 5 5 4 4 4 4 4 4 4 4 4 6 6 6 4 2 7 7 ; ; ; 7 7 7 7 7 7 7 7 7 7 2 2 5 5 5 4 4 5 7 ; ; ; 7 
4 4 4 4 4 4 5 2 7 7 ; ; : 7 ; ; ; ; ; 7 2 5 4 4 4 4 4 4 4 4 6 6 6 4 2 7 7 ; 7 7 7 7 7 7 7 7 7 7 7 7 2 2 2 5 5 4 5 2 ; ; ; ; 7 
5 4 4 5 7 ; ; ; ; ; ; : : ; ; ; ; : : : 7 5 5 4 4 4 4 4 4 4 4 6 6 4 2 7 7 ; 7 7 7 7 7 7 7 7 7 7 7 7 7 2 2 5 5 5 5 2 ; ; ; 7 7 
5 5 2 ; ; ; ; ; ; ; ; : : ; : : : : : ; 7 2 5 4 4 4 4 4 4 4 4 6 6 4 2 7 7 7 7 7 7 7 7 7 7 7 7 7 7 7 7 2 2 5 5 5 5 7 : ; ; 7 7 
5 2 ; ; ; ; ; ; ; ; ; : : ; ; : : : ; 7 ; 2 5 5 4 4 4 4 4 4 4 4 6 4 5 7 7 ; 7 7 7 7 7 7 7 7 7 7 7 7 7 2 2 2 5 5 2 7 : ; ; 7 7 
2 7 ; ; ; ; ; ; ; ; : : ; 7 ; ; 7 7 ; ; 7 2 5 5 4 4 4 4 4 4 4 4 6 4 5 7 7 ; 7 7 7 7 7 7 7 7 7 7 7 7 7 7 2 2 2 2 2 ; : ; ; 7 7 
2 ; ; ; ; ; ; ; ; ; ; ; 7 7 7 ; ; ; ; 7 ; 7 5 5 4 4 4 4 4 4 4 4 6 6 4 7 7 7 7 7 7 7 7 7 7 7 7 7 7 7 7 7 2 2 2 2 7 ; : ; ; 7 7 
